0.448805 0.000010 377.983482 212.010664 0.000000 0.125363 0.125363 0.125363 0.443584
0.796289 0.245718 358.484411 194.478822 0.000000 0.125363 0.125363 1.253629 0.443584
0.778742 0.138623 300.470107 154.108889 0.000000 0.125363 0.125363 12.536285 0.443584
0.861797 0.046888 337.240265 194.647158 0.000000 0.125363 0.125363 125.362851 0.443584
0.658432 0.015983 187.791667 90.043914 0.000000 0.125363 0.125363 1253.628515 0.443584
0.586060 0.013326 186.949148 90.391950 0.000000 0.125363 0.125363 12536.285146 0.443584
0.551208 0.000010 261.915681 142.921152 0.000000 0.125363 0.125363 125362.851462 0.443584
0.796289 0.245718 491.010764 259.300311 0.000000 0.125363 1.253629 0.125363 0.443584
0.796289 0.245718 505.295474 276.747157 0.000000 0.125363 1.253629 1.253629 0.443584
0.778742 0.142116 492.787099 249.872024 0.000000 0.125363 1.253629 12.536285 0.443584
0.861797 0.046982 235.698629 89.321211 0.000000 0.125363 1.253629 125.362851 0.443584
0.658432 0.015699 207.861626 97.888315 0.000000 0.125363 1.253629 1253.628515 0.443584
0.586060 0.012193 206.367892 97.184649 0.000000 0.125363 1.253629 12536.285146 0.443584
0.552530 0.000934 205.714631 96.972520 0.000000 0.125363 1.253629 125362.851462 0.443584
0.778742 0.138529 291.388746 151.961461 0.000000 0.125363 12.536285 0.125363 0.443584
0.778742 0.142021 317.854968 160.516636 0.000000 0.125363 12.536285 1.253629 0.443584
0.778742 0.138623 294.304425 93.286802 0.000000 0.125363 12.536285 12.536285 0.443584
0.836827 0.147130 206.898182 86.956392 0.000000 0.125363 12.536285 125.362851 0.443584
0.801442 0.153636 194.215199 78.677504 0.000000 0.125363 12.536285 1253.628515 0.443584
0.787956 0.129752 189.232682 78.700385 0.000000 0.125363 12.536285 12536.285146 0.443584
0.780077 0.128335 189.766228 80.099938 0.000000 0.125363 12.536285 125362.851462 0.443584
0.861797 0.046888 185.729924 91.480426 0.000000 0.125363 125.362851 0.125363 0.443584
0.861797 0.046982 210.762374 99.964407 0.000000 0.125363 125.362851 1.253629 0.443584
0.836827 0.147130 198.916763 81.914650 0.000000 0.125363 125.362851 12.536285 0.443584
0.861797 0.046888 88.944739 22.585401 0.000000 0.125363 125.362851 125.362851 0.443584
0.868073 0.050476 85.854203 20.731385 0.000000 0.125363 125.362851 1253.628515 0.443584
0.864735 0.048776 85.090469 19.910650 0.000000 0.125363 125.362851 12536.285146 0.443584
0.863400 0.048304 85.021478 20.159043 0.000000 0.125363 125.362851 125362.851462 0.443584
0.658432 0.015983 179.884671 87.621774 0.000000 0.125363 1253.628515 0.125363 0.443584
0.658432 0.015699 202.560047 94.397628 0.000000 0.125363 1253.628515 1.253629 0.443584
0.801442 0.153636 331.262867 179.559297 0.000000 0.125363 1253.628515 12.536285 0.443584
0.868073 0.050476 85.028845 19.833857 0.000000 0.125363 1253.628515 125.362851 0.443584
0.658432 0.015983 84.010972 19.818798 0.000000 0.125363 1253.628515 1253.628515 0.443584
0.671251 0.023725 82.608594 18.864961 0.000000 0.125363 1253.628515 12536.285146 0.443584
0.660035 0.017116 83.286079 18.881590 0.000000 0.125363 1253.628515 125362.851462 0.443584
0.586060 0.013326 187.621809 92.851433 0.000000 0.125363 12536.285146 0.125363 0.443584
0.586060 0.012193 205.312914 92.970660 0.000000 0.125363 12536.285146 1.253629 0.443584
0.787956 0.129752 184.455251 67.088974 0.000000 0.125363 12536.285146 12.536285 0.443584
0.864735 0.048776 86.902220 19.022309 0.000000 0.125363 12536.285146 125.362851 0.443584
0.671251 0.023725 82.890913 18.280747 0.000000 0.125363 12536.285146 1253.628515 0.443584
0.586060 0.013326 81.362357 16.578915 0.000000 0.125363 12536.285146 12536.285146 0.443584
0.598985 0.012539 81.767357 18.040882 0.000000 0.125363 12536.285146 125362.851462 0.443584
0.551208 0.000010 177.641739 85.721032 0.000000 0.125363 125362.851462 0.125363 0.443584
0.552530 0.000934 204.630473 96.641175 0.000000 0.125363 125362.851462 1.253629 0.443584
0.780077 0.128335 189.565494 78.376593 0.000000 0.125363 125362.851462 12.536285 0.443584
0.863400 0.048304 85.269517 19.713996 0.000000 0.125363 125362.851462 125.362851 0.443584
0.660035 0.017116 82.375323 16.324029 0.000000 0.125363 125362.851462 1253.628515 0.443584
0.598985 0.012539 81.092872 17.009320 0.000000 0.125363 125362.851462 12536.285146 0.443584
0.551208 0.000010 81.136138 17.647679 0.000000 0.125363 125362.851462 125362.851462 0.443584
0.796289 0.245718 300.511640 165.203927 0.000000 1.253629 0.125363 0.125363 0.443584
0.796289 0.245718 324.130764 173.275030 0.000000 1.253629 0.125363 1.253629 0.443584
0.778742 0.142021 302.689676 152.319239 0.000000 1.253629 0.125363 12.536285 0.443584
0.861797 0.046982 206.675008 97.967438 0.000000 1.253629 0.125363 125.362851 0.443584
0.658432 0.015699 201.571861 94.987125 0.000000 1.253629 0.125363 1253.628515 0.443584
0.586060 0.012193 202.083370 95.479250 0.000000 1.253629 0.125363 12536.285146 0.443584
0.552530 0.000934 284.684675 152.034209 0.000000 1.253629 0.125363 125362.851462 0.443584
0.796289 0.245718 355.921207 165.109658 0.000000 1.253629 1.253629 0.125363 0.443584
0.798558 0.247322 378.591702 197.641588 0.000000 1.253629 1.253629 1.253629 0.443584
0.778742 0.138718 619.847228 361.206760 0.000000 1.253629 1.253629 12.536285 0.443584
0.861797 0.046888 249.760566 114.806520 0.000000 1.253629 1.253629 125.362851 0.443584
0.658432 0.015983 246.427621 112.928424 0.000000 1.253629 1.253629 1253.628515 0.443584
0.586060 0.013326 250.609768 115.594478 0.000000 1.253629 1.253629 12536.285146 0.443584
0.551208 0.000010 239.041630 109.363630 0.000000 1.253629 1.253629 125362.851462 0.443584
0.778742 0.142021 367.992667 194.921372 0.000000 1.253629 12.536285 0.125363 0.443584
0.778742 0.138623 387.902833 163.626158 0.000000 1.253629 12.536285 1.253629 0.443584
0.778742 0.138623 581.842930 285.883354 0.000000 1.253629 12.536285 12.536285 0.443584
0.836827 0.147130 378.314888 199.699485 0.000000 1.253629 12.536285 125.362851 0.443584
0.801442 0.153636 217.597002 88.998660 0.000000 1.253629 12.536285 1253.628515 0.443584
0.787956 0.129752 216.277806 87.911949 0.000000 1.253629 12.536285 12536.285146 0.443584
0.780077 0.128335 218.057045 89.040711 0.000000 1.253629 12.536285 125362.851462 0.443584
0.861797 0.046982 215.375818 102.605884 0.000000 1.253629 125.362851 0.125363 0.443584
0.861797 0.046888 240.448379 111.088461 0.000000 1.253629 125.362851 1.253629 0.443584
0.836827 0.147035 246.496634 106.840463 0.000000 1.253629 125.362851 12.536285 0.443584
0.861797 0.046888 142.284578 49.274343 0.000000 1.253629 125.362851 125.362851 0.443584
0.868073 0.050476 136.997914 46.309090 0.000000 1.253629 125.362851 1253.628515 0.443584
0.864735 0.048776 133.346910 44.279021 0.000000 1.253629 125.362851 12536.285146 0.443584
0.863400 0.048304 133.648657 44.056420 0.000000 1.253629 125.362851 125362.851462 0.443584
0.658432 0.015699 206.495569 97.152601 0.000000 1.253629 1253.628515 0.125363 0.443584
0.658432 0.015983 233.254123 107.410299 0.000000 1.253629 1253.628515 1.253629 0.443584
0.801442 0.153636 216.449243 88.831669 0.000000 1.253629 1253.628515 12.536285 0.443584
0.868073 0.050476 134.055066 44.757792 0.000000 1.253629 1253.628515 125.362851 0.443584
0.658432 0.015983 129.269339 41.687820 0.000000 1.253629 1253.628515 1253.628515 0.443584
0.671251 0.023725 129.585715 42.219640 0.000000 1.253629 1253.628515 12536.285146 0.443584
0.660035 0.017116 129.594345 41.717375 0.000000 1.253629 1253.628515 125362.851462 0.443584
0.586060 0.012193 206.890524 97.377630 0.000000 1.253629 12536.285146 0.125363 0.443584
0.586060 0.013326 232.928418 107.333422 0.000000 1.253629 12536.285146 1.253629 0.443584
0.787956 0.129752 215.851965 80.143500 0.000000 1.253629 12536.285146 12.536285 0.443584
0.864735 0.048776 138.132146 46.060033 0.000000 1.253629 12536.285146 125.362851 0.443584
0.671251 0.023725 131.912423 39.861329 0.000000 1.253629 12536.285146 1253.628515 0.443584
0.586060 0.013326 133.096297 43.321149 0.000000 1.253629 12536.285146 12536.285146 0.443584
0.598985 0.012539 130.902346 42.235018 0.000000 1.253629 12536.285146 125362.851462 0.443584
0.552530 0.000934 207.417628 97.434843 0.000000 1.253629 125362.851462 0.125363 0.443584
0.551208 0.000010 233.169369 107.401569 0.000000 1.253629 125362.851462 1.253629 0.443584
0.780077 0.128335 223.349919 93.080185 0.000000 1.253629 125362.851462 12.536285 0.443584
0.863400 0.048304 135.527862 44.418915 0.000000 1.253629 125362.851462 125.362851 0.443584
0.660035 0.017116 129.505155 41.860262 0.000000 1.253629 125362.851462 1253.628515 0.443584
0.598985 0.012539 129.624309 42.074661 0.000000 1.253629 125362.851462 12536.285146 0.443584
0.551208 0.000010 130.198471 41.122015 0.000000 1.253629 125362.851462 125362.851462 0.443584
0.778742 0.138529 300.352989 153.283937 0.000000 12.536285 0.125363 0.125363 0.443584
0.778742 0.142021 314.331321 158.059419 0.000000 12.536285 0.125363 1.253629 0.443584
0.778742 0.138623 291.642545 92.620316 0.000000 12.536285 0.125363 12.536285 0.443584
0.836827 0.147224 196.821249 81.939334 0.000000 12.536285 0.125363 125.362851 0.443584
0.801442 0.153636 191.176196 79.200589 0.000000 12.536285 0.125363 1253.628515 0.443584
0.787956 0.129752 189.936388 78.942554 0.000000 12.536285 0.125363 12536.285146 0.443584
0.780077 0.128335 191.164916 80.055375 0.000000 12.536285 0.125363 125362.851462 0.443584
0.778742 0.142021 314.820214 158.749076 0.000000 12.536285 1.253629 0.125363 0.443584
0.778742 0.138812 338.991989 166.693059 0.000000 12.536285 1.253629 1.253629 0.443584
0.778742 0.138529 314.779064 100.879908 0.000000 12.536285 1.253629 12.536285 0.443584
0.836827 0.147035 217.766898 88.396554 0.000000 12.536285 1.253629 125.362851 0.443584
0.801442 0.153636 363.385106 192.969317 0.000000 12.536285 1.253629 1253.628515 0.443584
0.787956 0.129752 211.893736 84.127144 0.000000 12.536285 1.253629 12536.285146 0.443584
0.780077 0.128335 370.002982 197.819928 0.000000 12.536285 1.253629 125362.851462 0.443584
0.778742 0.138529 288.412163 91.610793 0.000000 12.536285 12.536285 0.125363 0.443584
0.778742 0.138529 707.956500 379.886345 0.000000 12.536285 12.536285 1.253629 0.443584
0.845548 0.047239 622.509569 169.474018 0.000000 12.536285 12.536285 12.536285 0.443584
0.871446 0.024479 370.998142 74.242834 0.000000 12.536285 12.536285 125.362851 0.443584
0.837672 0.025618 272.811861 45.261700 0.000000 12.536285 12.536285 1253.628515 0.443584
0.845281 0.040535 258.878189 20.832021 0.000000 12.536285 12.536285 12536.285146 0.443584
0.851021 0.050165 256.365369 21.334965 0.000000 12.536285 12.536285 125362.851462 0.443584
0.836827 0.147130 469.327310 246.574260 0.000000 12.536285 125.362851 0.125363 0.443584
0.836827 0.147035 287.583011 95.616616 0.000000 12.536285 125.362851 1.253629 0.443584
0.871446 0.024479 379.811872 66.085177 0.000000 12.536285 125.362851 12.536285 0.443584
0.871446 0.024479 146.313575 10.849235 0.000000 12.536285 125.362851 125.362851 0.443584
0.867040 0.020231 156.978684 0.493365 0.000000 12.536285 125.362851 1253.628515 0.443584
0.867841 0.021741 138.640451 5.464345 0.000000 12.536285 125.362851 12536.285146 0.443584
0.871579 0.024101 140.333164 20.474582 0.000000 12.536285 125.362851 125362.851462 0.443584
0.801442 0.153636 381.658315 139.686688 0.000000 12.536285 1253.628515 0.125363 0.443584
0.801442 0.153636 298.422250 111.110920 0.000000 12.536285 1253.628515 1.253629 0.443584
0.837672 0.025618 254.779780 21.853564 0.000000 12.536285 1253.628515 12.536285 0.443584
0.867040 0.020231 138.294843 6.330518 0.000000 12.536285 1253.628515 125.362851 0.443584
0.837672 0.025618 150.347736 24.731630 0.000000 12.536285 1253.628515 1253.628515 0.443584
0.831264 0.022315 123.801656 6.856093 0.000000 12.536285 1253.628515 12536.285146 0.443584
0.837805 0.025996 126.293834 7.450504 0.000000 12.536285 1253.628515 125362.851462 0.443584
0.787956 0.129752 274.656406 111.357041 0.000000 12.536285 12536.285146 0.125363 0.443584
0.787956 0.129752 306.578630 116.087474 0.000000 12.536285 12536.285146 1.253629 0.443584
0.845281 0.040535 374.687368 81.625505 0.000000 12.536285 12536.285146 12.536285 0.443584
0.867841 0.021741 133.509662 7.741221 0.000000 12.536285 12536.285146 125.362851 0.443584
0.831264 0.022315 129.262479 8.013404 0.000000 12.536285 12536.285146 1253.628515 0.443584
0.845281 0.040535 130.293313 7.011141 0.000000 12.536285 12536.285146 12536.285146 0.443584
0.824856 0.024582 129.194375 7.400131 0.000000 12.536285 12536.285146 125362.851462 0.443584
0.780077 0.128335 242.441725 87.577319 0.000000 12.536285 125362.851462 0.125363 0.443584
0.780077 0.128335 312.626439 124.208829 0.000000 12.536285 125362.851462 1.253629 0.443584
0.851021 0.050165 392.624851 80.551837 0.000000 12.536285 125362.851462 12.536285 0.443584
0.871579 0.024101 145.067931 9.434273 0.000000 12.536285 125362.851462 125.362851 0.443584
0.837805 0.025996 142.705996 8.435329 0.000000 12.536285 125362.851462 1253.628515 0.443584
0.824856 0.024582 140.848125 17.094868 0.000000 12.536285 125362.851462 12536.285146 0.443584
0.851021 0.050165 157.785607 9.375726 0.000000 12.536285 125362.851462 125362.851462 0.443584
0.861797 0.046888 307.046405 140.766026 0.000000 125.362851 0.125363 0.125363 0.443584
0.861797 0.046982 345.273586 153.401686 0.000000 125.362851 0.125363 1.253629 0.443584
0.836827 0.147130 316.338002 120.971710 0.000000 125.362851 0.125363 12.536285 0.443584
0.861797 0.046888 161.154864 37.401884 0.000000 125.362851 0.125363 125.362851 0.443584
0.868073 0.050476 160.950521 38.537346 0.000000 125.362851 0.125363 1253.628515 0.443584
0.864735 0.048776 152.218467 28.276116 0.000000 125.362851 0.125363 12536.285146 0.443584
0.863400 0.048304 165.553457 36.819876 0.000000 125.362851 0.125363 125362.851462 0.443584
0.861797 0.046982 356.201847 157.115668 0.000000 125.362851 1.253629 0.125363 0.443584
0.861797 0.046888 604.348135 320.904662 0.000000 125.362851 1.253629 1.253629 0.443584
0.836827 0.147224 375.454945 146.286711 0.000000 125.362851 1.253629 12.536285 0.443584
0.861797 0.046888 165.203616 25.275251 0.000000 125.362851 1.253629 125.362851 0.443584
0.868073 0.050476 168.057971 41.346921 0.000000 125.362851 1.253629 1253.628515 0.443584
0.864735 0.048776 167.425136 41.275054 0.000000 125.362851 1.253629 12536.285146 0.443584
0.863400 0.048304 167.221142 40.859828 0.000000 125.362851 1.253629 125362.851462 0.443584
0.836827 0.147035 298.349177 120.530395 0.000000 125.362851 12.536285 0.125363 0.443584
0.836827 0.147224 329.255922 131.390014 0.000000 125.362851 12.536285 1.253629 0.443584
0.871446 0.024479 294.351452 27.249692 0.000000 125.362851 12.536285 12.536285 0.443584
0.871446 0.024479 183.035019 35.622397 0.000000 125.362851 12.536285 125.362851 0.443584
0.867040 0.020231 140.626691 8.979902 0.000000 125.362851 12.536285 1253.628515 0.443584
0.867841 0.021741 140.452690 7.846300 0.000000 125.362851 12.536285 12536.285146 0.443584
0.871579 0.024101 139.592242 7.949221 0.000000 125.362851 12.536285 125362.851462 0.443584
0.861797 0.046888 141.929217 33.375788 0.000000 125.362851 125.362851 0.125363 0.443584
0.861797 0.046888 172.626986 43.108881 0.000000 125.362851 125.362851 1.253629 0.443584
0.871446 0.024479 145.492909 8.772909 0.000000 125.362851 125.362851 12.536285 0.443584
0.862769 0.000687 97.119689 0.377470 0.000000 125.362851 125.362851 125.362851 0.443584
0.868073 0.000353 95.221729 0.048115 0.000000 125.362851 125.362851 1253.628515 0.443584
0.864735 0.000446 95.516833 0.566070 0.000000 125.362851 125.362851 12536.285146 0.443584
0.863400 0.000446 95.393627 0.036255 0.000000 125.362851 125.362851 125362.851462 0.443584
0.868073 0.050476 137.273439 30.653826 0.000000 125.362851 1253.628515 0.125363 0.443584
0.868073 0.050476 168.516169 42.188910 0.000000 125.362851 1253.628515 1.253629 0.443584
0.867040 0.020231 139.885689 7.724036 0.000000 125.362851 1253.628515 12.536285 0.443584
0.868073 0.000353 95.778706 0.127214 0.000000 125.362851 1253.628515 125.362851 0.443584
0.868073 0.000353 94.770519 0.075821 0.000000 125.362851 1253.628515 1253.628515 0.443584
0.870343 0.001863 94.741552 0.014730 0.000000 125.362851 1253.628515 12536.285146 0.443584
0.867940 0.000258 94.632640 0.336151 0.000000 125.362851 1253.628515 125362.851462 0.443584
0.864735 0.048776 136.554269 30.241746 0.000000 125.362851 12536.285146 0.125363 0.443584
0.864735 0.048776 167.431855 41.254460 0.000000 125.362851 12536.285146 1.253629 0.443584
0.867841 0.021741 139.809654 8.297935 0.000000 125.362851 12536.285146 12.536285 0.443584
0.864735 0.000446 96.448245 1.287424 0.000000 125.362851 12536.285146 125.362851 0.443584
0.870343 0.001863 94.506204 0.515640 0.000000 125.362851 12536.285146 1253.628515 0.443584
0.864735 0.000446 94.620145 0.341190 0.000000 125.362851 12536.285146 12536.285146 0.443584
0.864905 0.000120 94.803829 0.379148 0.000000 125.362851 12536.285146 125362.851462 0.443584
0.863400 0.048304 136.315247 29.531068 0.000000 125.362851 125362.851462 0.125363 0.443584
0.863400 0.048304 168.336495 42.132483 0.000000 125.362851 125362.851462 1.253629 0.443584
0.871579 0.024101 138.262791 7.186174 0.000000 125.362851 125362.851462 12.536285 0.443584
0.863400 0.000446 95.179504 0.349721 0.000000 125.362851 125362.851462 125.362851 0.443584
0.867940 0.000258 94.749345 0.334798 0.000000 125.362851 125362.851462 1253.628515 0.443584
0.864905 0.000120 94.294775 0.109379 0.000000 125.362851 125362.851462 12536.285146 0.443584
0.863400 0.000446 94.868481 0.015313 0.000000 125.362851 125362.851462 125362.851462 0.443584
0.658432 0.015983 279.569834 132.100922 0.000000 1253.628515 0.125363 0.125363 0.443584
0.658432 0.015699 310.681035 144.466944 0.000000 1253.628515 0.125363 1.253629 0.443584
0.801442 0.153636 288.594828 116.693024 0.000000 1253.628515 0.125363 12.536285 0.443584
0.868073 0.050476 138.688311 31.912853 0.000000 1253.628515 0.125363 125.362851 0.443584
0.658432 0.015983 130.886265 27.042989 0.000000 1253.628515 0.125363 1253.628515 0.443584
0.671251 0.023725 131.374846 27.481503 0.000000 1253.628515 0.125363 12536.285146 0.443584
0.660035 0.017116 131.274677 26.825307 0.000000 1253.628515 0.125363 125362.851462 0.443584
0.658432 0.015699 314.080787 145.087451 0.000000 1253.628515 1.253629 0.125363 0.443584
0.658432 0.015983 341.061093 153.842851 0.000000 1253.628515 1.253629 1.253629 0.443584
0.801442 0.153636 531.003757 277.949569 0.000000 1253.628515 1.253629 12.536285 0.443584
0.868073 0.050476 167.578947 41.553661 0.000000 1253.628515 1.253629 125.362851 0.443584
0.658432 0.015983 162.106747 38.760964 0.000000 1253.628515 1.253629 1253.628515 0.443584
0.671251 0.023725 163.623554 39.279665 0.000000 1253.628515 1.253629 12536.285146 0.443584
0.660035 0.017116 162.614313 39.015664 0.000000 1253.628515 1.253629 125362.851462 0.443584
0.801442 0.153636 290.832266 118.514239 0.000000 1253.628515 12.536285 0.125363 0.443584
0.801442 0.153636 320.276348 129.937499 0.000000 1253.628515 12.536285 1.253629 0.443584
0.837672 0.025618 285.471828 26.403080 0.000000 1253.628515 12.536285 12.536285 0.443584
0.867040 0.020231 139.115559 7.688328 0.000000 1253.628515 12.536285 125.362851 0.443584
0.837672 0.025618 134.116278 7.758904 0.000000 1253.628515 12.536285 1253.628515 0.443584
0.831264 0.022315 135.260036 7.546035 0.000000 1253.628515 12.536285 12536.285146 0.443584
0.837805 0.025996 134.749409 7.876303 0.000000 1253.628515 12.536285 125362.851462 0.443584
0.868073 0.050476 137.090817 30.610614 0.000000 1253.628515 125.362851 0.125363 0.443584
0.868073 0.050476 165.012119 40.221451 0.000000 1253.628515 125.362851 1.253629 0.443584
0.867040 0.020231 144.448898 11.345022 0.000000 1253.628515 125.362851 12.536285 0.443584
0.868073 0.000353 102.310710 4.970643 0.000000 1253.628515 125.362851 125.362851 0.443584
0.868073 0.000353 94.851498 0.274037 0.000000 1253.628515 125.362851 1253.628515 0.443584
0.870343 0.001863 94.921077 0.077497 0.000000 1253.628515 125.362851 12536.285146 0.443584
0.867940 0.000258 94.929911 0.199309 0.000000 1253.628515 125.362851 125362.851462 0.443584
0.658432 0.015983 130.815527 27.236043 0.000000 1253.628515 1253.628515 0.125363 0.443584
0.658432 0.015983 163.206219 39.002150 0.000000 1253.628515 1253.628515 1.253629 0.443584
0.837672 0.025618 147.434348 9.322429 0.000000 1253.628515 1253.628515 12.536285 0.443584
0.868073 0.000353 94.789726 0.036975 0.000000 1253.628515 1253.628515 125.362851 0.443584
0.665866 0.005256 93.899184 0.369864 0.000000 1253.628515 1253.628515 1253.628515 0.443584
0.671251 0.001637 93.230246 0.490718 0.000000 1253.628515 1253.628515 12536.285146 0.443584
0.666400 0.004501 93.343749 0.256265 0.000000 1253.628515 1253.628515 125362.851462 0.443584
0.671251 0.023725 133.080357 28.482466 0.000000 1253.628515 12536.285146 0.125363 0.443584
0.671251 0.023725 163.047325 38.994210 0.000000 1253.628515 12536.285146 1.253629 0.443584
0.831264 0.022315 134.200394 7.246320 0.000000 1253.628515 12536.285146 12.536285 0.443584
0.870343 0.001863 94.379867 0.498380 0.000000 1253.628515 12536.285146 125.362851 0.443584
0.671251 0.001637 94.091434 0.652389 0.000000 1253.628515 12536.285146 1253.628515 0.443584
0.671251 0.001637 93.573864 0.105623 0.000000 1253.628515 12536.285146 12536.285146 0.443584
0.671251 0.001448 93.707374 0.065325 0.000000 1253.628515 12536.285146 125362.851462 0.443584
0.660035 0.017116 131.354072 27.696642 0.000000 1253.628515 125362.851462 0.125363 0.443584
0.660035 0.017116 163.259449 39.271330 0.000000 1253.628515 125362.851462 1.253629 0.443584
0.837805 0.025996 132.819646 7.088937 0.000000 1253.628515 125362.851462 12.536285 0.443584
0.867940 0.000258 94.608628 0.210463 0.000000 1253.628515 125362.851462 125.362851 0.443584
0.666400 0.004501 93.745699 0.028220 0.000000 1253.628515 125362.851462 1253.628515 0.443584
0.671251 0.001448 93.580149 0.139531 0.000000 1253.628515 125362.851462 12536.285146 0.443584
0.666400 0.004501 94.018217 0.456756 0.000000 1253.628515 125362.851462 125362.851462 0.443584
0.586060 0.013326 278.532284 131.847903 0.000000 12536.285146 0.125363 0.125363 0.443584
0.586060 0.012193 309.316166 143.790980 0.000000 12536.285146 0.125363 1.253629 0.443584
0.787956 0.129752 288.458214 103.892290 0.000000 12536.285146 0.125363 12.536285 0.443584
0.864735 0.048776 136.306008 30.531825 0.000000 12536.285146 0.125363 125.362851 0.443584
0.671251 0.023725 130.856073 27.495059 0.000000 12536.285146 0.125363 1253.628515 0.443584
0.586060 0.013326 131.274414 27.458565 0.000000 12536.285146 0.125363 12536.285146 0.443584
0.598985 0.012539 130.897640 26.825458 0.000000 12536.285146 0.125363 125362.851462 0.443584
0.586060 0.012193 309.725847 143.590279 0.000000 12536.285146 1.253629 0.125363 0.443584
0.586060 0.013326 338.447833 153.362416 0.000000 12536.285146 1.253629 1.253629 0.443584
0.787956 0.129752 319.262916 113.748574 0.000000 12536.285146 1.253629 12.536285 0.443584
0.864735 0.048776 168.229002 41.904250 0.000000 12536.285146 1.253629 125.362851 0.443584
0.671251 0.023725 160.893540 36.937379 0.000000 12536.285146 1.253629 1253.628515 0.443584
0.586060 0.013326 162.572340 38.374154 0.000000 12536.285146 1.253629 12536.285146 0.443584
0.598985 0.012539 163.173291 38.899659 0.000000 12536.285146 1.253629 125362.851462 0.443584
0.787956 0.129752 287.084597 102.150737 0.000000 12536.285146 12.536285 0.125363 0.443584
0.787956 0.129752 318.902461 115.439402 0.000000 12536.285146 12.536285 1.253629 0.443584
0.845281 0.040535 405.176826 85.047732 0.000000 12536.285146 12.536285 12.536285 0.443584
0.867841 0.021741 138.381002 7.448848 0.000000 12536.285146 12.536285 125.362851 0.443584
0.831264 0.022315 134.138075 7.002320 0.000000 12536.285146 12.536285 1253.628515 0.443584
0.845281 0.040535 133.746748 7.343250 0.000000 12536.285146 12.536285 12536.285146 0.443584
0.824856 0.024582 133.904725 7.377247 0.000000 12536.285146 12.536285 125362.851462 0.443584
0.864735 0.048776 135.699489 29.393525 0.000000 12536.285146 125.362851 0.125363 0.443584
0.864735 0.048776 166.172786 41.184497 0.000000 12536.285146 125.362851 1.253629 0.443584
0.867841 0.021741 139.683592 8.010398 0.000000 12536.285146 125.362851 12.536285 0.443584
0.864735 0.000446 95.603393 0.541055 0.000000 12536.285146 125.362851 125.362851 0.443584
0.870343 0.001863 94.569967 0.664962 0.000000 12536.285146 125.362851 1253.628515 0.443584
0.864735 0.000446 94.018473 0.302726 0.000000 12536.285146 125.362851 12536.285146 0.443584
0.864905 0.000120 98.356372 2.664893 0.000000 12536.285146 125.362851 125362.851462 0.443584
0.671251 0.023725 121.637902 21.976403 0.000000 12536.285146 1253.628515 0.125363 0.443584
