0.650578 0.008328 533.168399 313.498021 0.000000 0.119241 0.119241 0.119241 0.350263
0.649632 0.192131 617.617503 337.615934 0.000000 0.119241 0.119241 1.192412 0.350263
0.683070 0.073536 461.531423 209.758639 0.000000 0.119241 0.119241 11.924122 0.350263
0.830705 0.008105 255.825062 125.279216 0.000000 0.119241 0.119241 119.241217 0.350263
0.792114 0.009294 245.144482 118.637884 0.000000 0.119241 0.119241 1192.412165 0.350263
0.670768 0.014202 262.374774 130.237203 0.000000 0.119241 0.119241 11924.121652 0.350263
0.650578 0.008105 242.918525 112.606549 0.000000 0.119241 0.119241 119241.216519 0.350263
0.649632 0.189380 416.672285 231.587499 0.000000 0.119241 1.192412 0.119241 0.350263
0.649632 0.191982 438.593277 233.817990 0.000000 0.119241 1.192412 1.192412 0.350263
0.684332 0.076436 435.249294 222.191047 0.000000 0.119241 1.192412 11.924122 0.350263
0.830810 0.007287 273.512725 129.196463 0.000000 0.119241 1.192412 119.241217 0.350263
0.791903 0.006989 260.219840 117.766183 0.000000 0.119241 1.192412 1192.412165 0.350263
0.670557 0.014425 283.995235 134.932382 0.000000 0.119241 1.192412 11924.121652 0.350263
0.649632 0.184993 273.235264 116.798718 0.000000 0.119241 1.192412 119241.216519 0.350263
0.683070 0.073610 897.667683 562.753050 0.000000 0.119241 11.924122 0.119241 0.350263
0.684332 0.076585 432.013219 219.558224 0.000000 0.119241 11.924122 1.192412 0.350263
0.683070 0.073610 501.398033 226.523477 0.000000 0.119241 11.924122 11.924122 0.350263
0.777392 0.102311 447.678338 187.377306 0.000000 0.119241 11.924122 119.241217 0.350263
0.766667 0.096288 592.758549 258.177340 0.000000 0.119241 11.924122 1192.412165 0.350263
0.711882 0.070859 257.392531 108.796984 0.000000 0.119241 11.924122 11924.121652 0.350263
0.683070 0.072049 251.774812 107.731776 0.000000 0.119241 11.924122 119241.216519 0.350263
0.830705 0.008105 248.636876 123.662858 0.000000 0.119241 119.241217 0.119241 0.350263
0.830810 0.007361 264.705043 125.606210 0.000000 0.119241 119.241217 1.192412 0.350263
0.777392 0.102311 254.198601 108.602150 0.000000 0.119241 119.241217 11.924122 0.350263
0.830705 0.008105 110.459061 25.563806 0.000000 0.119241 119.241217 119.241217 0.350263
0.831020 0.008402 106.302654 23.136075 0.000000 0.119241 119.241217 1192.412165 0.350263
0.831335 0.008551 106.637888 22.862758 0.000000 0.119241 119.241217 11924.121652 0.350263
0.830705 0.008105 111.597113 26.427959 0.000000 0.119241 119.241217 119241.216519 0.350263
0.792114 0.009294 235.701244 115.175299 0.000000 0.119241 1192.412165 0.119241 0.350263
0.791903 0.006989 257.506660 120.500725 0.000000 0.119241 1192.412165 1.192412 0.350263
0.766667 0.096288 247.476693 105.524831 0.000000 0.119241 1192.412165 11.924122 0.350263
0.831020 0.008402 105.544568 22.245870 0.000000 0.119241 1192.412165 119.241217 0.350263
0.792114 0.009294 102.620768 20.788676 0.000000 0.119241 1192.412165 1192.412165 0.350263
0.793901 0.009963 102.796554 20.584109 0.000000 0.119241 1192.412165 11924.121652 0.350263
0.792114 0.009294 102.591379 20.489604 0.000000 0.119241 1192.412165 119241.216519 0.350263
0.670768 0.014202 235.517401 114.942302 0.000000 0.119241 11924.121652 0.119241 0.350263
0.670557 0.014425 256.268891 119.711623 0.000000 0.119241 11924.121652 1.192412 0.350263
0.711882 0.070859 247.991547 106.108424 0.000000 0.119241 11924.121652 11.924122 0.350263
0.831335 0.008551 105.651962 22.385947 0.000000 0.119241 11924.121652 119.241217 0.350263
0.793901 0.009963 103.074796 20.844954 0.000000 0.119241 11924.121652 1192.412165 0.350263
0.670768 0.014202 103.464663 20.682646 0.000000 0.119241 11924.121652 11924.121652 0.350263
0.670768 0.014202 103.228722 20.524861 0.000000 0.119241 11924.121652 119241.216519 0.350263
0.650578 0.008105 235.782690 115.087598 0.000000 0.119241 119241.216519 0.119241 0.350263
0.649632 0.184993 259.623768 122.437211 0.000000 0.119241 119241.216519 1.192412 0.350263
0.683070 0.072049 243.918491 102.471934 0.000000 0.119241 119241.216519 11.924122 0.350263
0.830705 0.008105 108.268183 24.407666 0.000000 0.119241 119241.216519 119.241217 0.350263
0.792114 0.009294 102.033594 20.317920 0.000000 0.119241 119241.216519 1192.412165 0.350263
0.670768 0.014202 104.463593 21.518051 0.000000 0.119241 119241.216519 11924.121652 0.350263
0.650578 0.008328 103.177308 20.596267 0.000000 0.119241 119241.216519 119241.216519 0.350263
0.649632 0.190941 413.124020 231.291055 0.000000 1.192412 0.119241 0.119241 0.350263
0.649632 0.190792 434.284164 235.605703 0.000000 1.192412 0.119241 1.192412 0.350263
0.684332 0.076510 418.213992 215.277517 0.000000 1.192412 0.119241 11.924122 0.350263
0.830810 0.007287 266.022956 125.889049 0.000000 1.192412 0.119241 119.241217 0.350263
0.791903 0.006989 257.480788 120.644449 0.000000 1.192412 0.119241 1192.412165 0.350263
0.670557 0.014425 257.516699 120.252603 0.000000 1.192412 0.119241 11924.121652 0.350263
0.649632 0.190644 261.237853 122.855731 0.000000 1.192412 0.119241 119241.216519 0.350263
0.649632 0.186331 441.537921 240.429425 0.000000 1.192412 1.192412 0.119241 0.350263
0.650158 0.214214 528.800566 290.090098 0.000000 1.192412 1.192412 1.192412 0.350263
0.684332 0.074503 484.784045 232.295928 0.000000 1.192412 1.192412 11.924122 0.350263
0.831756 0.008625 297.824303 130.688635 0.000000 1.192412 1.192412 119.241217 0.350263
0.791903 0.008402 281.054912 122.191187 0.000000 1.192412 1.192412 1192.412165 0.350263
0.670873 0.014499 277.461872 123.177215 0.000000 1.192412 1.192412 11924.121652 0.350263
0.650158 0.214363 322.644982 155.683509 0.000000 1.192412 1.192412 119241.216519 0.350263
0.684332 0.076510 812.530469 492.101939 0.000000 1.192412 11.924122 0.119241 0.350263
0.684332 0.074503 454.851974 226.706214 0.000000 1.192412 11.924122 1.192412 0.350263
0.684332 0.074503 414.559182 157.771097 0.000000 1.192412 11.924122 11.924122 0.350263
0.776341 0.101493 275.931302 112.001551 0.000000 1.192412 11.924122 119.241217 0.350263
0.766246 0.095991 264.086356 106.535049 0.000000 1.192412 11.924122 1192.412165 0.350263
0.711882 0.070785 270.371220 105.858310 0.000000 1.192412 11.924122 11924.121652 0.350263
0.684332 0.072941 267.902229 107.745168 0.000000 1.192412 11.924122 119241.216519 0.350263
0.830810 0.007212 438.954308 248.048117 0.000000 1.192412 119.241217 0.119241 0.350263
0.831756 0.008625 284.878124 126.832291 0.000000 1.192412 119.241217 1.192412 0.350263
0.776341 0.101493 276.857312 113.087334 0.000000 1.192412 119.241217 11.924122 0.350263
0.831756 0.008625 169.810041 56.367126 0.000000 1.192412 119.241217 119.241217 0.350263
0.831230 0.008253 162.493915 51.514478 0.000000 1.192412 119.241217 1192.412165 0.350263
0.831651 0.008476 163.226602 51.358547 0.000000 1.192412 119.241217 11924.121652 0.350263
0.831756 0.008625 162.651445 51.106879 0.000000 1.192412 119.241217 119241.216519 0.350263
0.791903 0.006989 257.020885 119.129579 0.000000 1.192412 1192.412165 0.119241 0.350263
0.791903 0.008402 276.652397 123.158844 0.000000 1.192412 1192.412165 1.192412 0.350263
0.766246 0.095991 264.802916 104.494862 0.000000 1.192412 1192.412165 11.924122 0.350263
0.831230 0.008253 161.846942 51.922329 0.000000 1.192412 1192.412165 119.241217 0.350263
0.791903 0.008402 167.571247 56.207859 0.000000 1.192412 1192.412165 1192.412165 0.350263
0.794006 0.009369 182.426577 51.784055 0.000000 1.192412 1192.412165 11924.121652 0.350263
0.791903 0.008402 174.777296 45.630030 0.000000 1.192412 1192.412165 119241.216519 0.350263
0.670557 0.014425 413.283289 222.929810 0.000000 1.192412 11924.121652 0.119241 0.350263
0.670873 0.014499 562.728721 229.503925 0.000000 1.192412 11924.121652 1.192412 0.350263
0.711882 0.070785 501.997998 208.596084 0.000000 1.192412 11924.121652 11.924122 0.350263
0.831651 0.008476 176.546815 33.820282 0.000000 1.192412 11924.121652 119.241217 0.350263
0.794006 0.009369 163.217925 46.168057 0.000000 1.192412 11924.121652 1192.412165 0.350263
0.670873 0.014499 162.542616 47.964398 0.000000 1.192412 11924.121652 11924.121652 0.350263
0.670873 0.014499 161.239202 46.917123 0.000000 1.192412 11924.121652 119241.216519 0.350263
0.649632 0.190644 274.587627 128.587057 0.000000 1.192412 119241.216519 0.119241 0.350263
0.650158 0.214363 326.146041 154.772835 0.000000 1.192412 119241.216519 1.192412 0.350263
0.684332 0.072941 279.847496 112.451110 0.000000 1.192412 119241.216519 11.924122 0.350263
0.831756 0.008625 167.489433 52.453856 0.000000 1.192412 119241.216519 119.241217 0.350263
0.791903 0.008402 163.756799 48.685232 0.000000 1.192412 119241.216519 1192.412165 0.350263
0.670873 0.014499 167.053210 51.502870 0.000000 1.192412 119241.216519 11924.121652 0.350263
0.650158 0.214065 172.654253 44.939824 0.000000 1.192412 119241.216519 119241.216519 0.350263
0.683070 0.073610 551.392664 283.384483 0.000000 11.924122 0.119241 0.119241 0.350263
0.684332 0.076362 446.254454 227.449331 0.000000 11.924122 0.119241 1.192412 0.350263
0.683070 0.073536 396.745688 85.318201 0.000000 11.924122 0.119241 11.924122 0.350263
0.777392 0.102311 253.680804 107.458702 0.000000 11.924122 0.119241 119.241217 0.350263
0.766667 0.096288 336.165344 167.326023 0.000000 11.924122 0.119241 1192.412165 0.350263
0.711882 0.070859 483.913080 181.635563 0.000000 11.924122 0.119241 11924.121652 0.350263
0.683070 0.072049 495.892709 199.266887 0.000000 11.924122 0.119241 119241.216519 0.350263
0.684332 0.076585 746.888837 375.729473 0.000000 11.924122 1.192412 0.119241 0.350263
0.684332 0.074503 744.124682 354.751695 0.000000 11.924122 1.192412 1.192412 0.350263
0.684332 0.074503 712.053921 260.165011 0.000000 11.924122 1.192412 11.924122 0.350263
0.776341 0.101493 493.951935 192.185966 0.000000 11.924122 1.192412 119.241217 0.350263
0.766246 0.095991 484.034971 186.027190 0.000000 11.924122 1.192412 1192.412165 0.350263
0.711882 0.070785 490.869531 191.348531 0.000000 11.924122 1.192412 11924.121652 0.350263
0.684332 0.072941 456.581242 178.127372 0.000000 11.924122 1.192412 119241.216519 0.350263
0.683070 0.073610 687.992780 258.522547 0.000000 11.924122 11.924122 0.119241 0.350263
0.684332 0.074503 691.402429 251.703754 0.000000 11.924122 11.924122 1.192412 0.350263
0.702944 0.023645 609.728224 157.865237 0.000000 11.924122 11.924122 11.924122 0.350263
0.812303 0.025950 249.745680 49.120033 0.000000 11.924122 11.924122 119.241217 0.350263
0.792008 0.018886 245.478808 51.534582 0.000000 11.924122 11.924122 1192.412165 0.350263
0.721241 0.009666 245.148771 50.972072 0.000000 11.924122 11.924122 11924.121652 0.350263
0.702944 0.023645 244.923367 50.353481 0.000000 11.924122 11.924122 119241.216519 0.350263
0.777392 0.102311 261.621953 113.310859 0.000000 11.924122 119.241217 0.119241 0.350263
0.776341 0.101493 281.754287 116.969304 0.000000 11.924122 119.241217 1.192412 0.350263
0.812303 0.025950 440.577984 182.120059 0.000000 11.924122 119.241217 11.924122 0.350263
0.812303 0.025950 114.676436 6.773590 0.000000 11.924122 119.241217 119.241217 0.350263
0.811777 0.025057 133.458923 22.000908 0.000000 11.924122 119.241217 1192.412165 0.350263
0.811462 0.024909 111.850925 6.300539 0.000000 11.924122 119.241217 11924.121652 0.350263
0.812303 0.025950 112.024423 6.122008 0.000000 11.924122 119.241217 119241.216519 0.350263
0.766667 0.096288 253.793956 109.198946 0.000000 11.924122 1192.412165 0.119241 0.350263
0.766246 0.095991 269.011732 110.513737 0.000000 11.924122 1192.412165 1.192412 0.350263
0.792008 0.018886 243.654463 48.275938 0.000000 11.924122 1192.412165 11.924122 0.350263
0.811777 0.025057 110.171139 6.377666 0.000000 11.924122 1192.412165 119.241217 0.350263
0.792008 0.018886 107.023061 6.069316 0.000000 11.924122 1192.412165 1192.412165 0.350263
0.794742 0.020076 107.770967 6.050619 0.000000 11.924122 1192.412165 11924.121652 0.350263
0.792008 0.018886 107.140606 5.694465 0.000000 11.924122 1192.412165 119241.216519 0.350263
0.711882 0.070859 251.383160 108.349355 0.000000 11.924122 11924.121652 0.119241 0.350263
0.711882 0.070785 270.347177 111.222896 0.000000 11.924122 11924.121652 1.192412 0.350263
0.721241 0.009666 244.894660 51.204555 0.000000 11.924122 11924.121652 11.924122 0.350263
0.811462 0.024909 110.473103 5.020133 0.000000 11.924122 11924.121652 119.241217 0.350263
0.794742 0.020076 107.315373 5.821144 0.000000 11.924122 11924.121652 1192.412165 0.350263
0.721241 0.009666 107.738417 5.710826 0.000000 11.924122 11924.121652 11924.121652 0.350263
0.721241 0.009666 108.152581 5.485331 0.000000 11.924122 11924.121652 119241.216519 0.350263
0.683070 0.072049 249.663957 106.428373 0.000000 11.924122 119241.216519 0.119241 0.350263
0.684332 0.072941 270.201082 110.524668 0.000000 11.924122 119241.216519 1.192412 0.350263
0.702944 0.023645 245.191730 50.378190 0.000000 11.924122 119241.216519 11.924122 0.350263
0.812303 0.025950 110.691334 6.338104 0.000000 11.924122 119241.216519 119.241217 0.350263
0.792008 0.018886 107.435479 5.837294 0.000000 11.924122 119241.216519 1192.412165 0.350263
0.721241 0.009666 107.988697 6.016941 0.000000 11.924122 119241.216519 11924.121652 0.350263
0.702944 0.023645 108.381236 5.520180 0.000000 11.924122 119241.216519 119241.216519 0.350263
0.830705 0.008105 251.399397 125.595929 0.000000 119.241217 0.119241 0.119241 0.350263
0.830810 0.007361 268.153600 127.488383 0.000000 119.241217 0.119241 1.192412 0.350263
0.777392 0.102311 259.721546 112.392252 0.000000 119.241217 0.119241 11.924122 0.350263
0.830705 0.008105 110.548026 25.737204 0.000000 119.241217 0.119241 119.241217 0.350263
0.831020 0.008402 106.275383 22.762812 0.000000 119.241217 0.119241 1192.412165 0.350263
0.831335 0.008551 106.650120 22.627434 0.000000 119.241217 0.119241 11924.121652 0.350263
0.830705 0.008105 106.738447 22.578721 0.000000 119.241217 0.119241 119241.216519 0.350263
0.830810 0.007361 269.418323 127.999134 0.000000 119.241217 1.192412 0.119241 0.350263
0.831756 0.008625 289.060012 131.805126 0.000000 119.241217 1.192412 1.192412 0.350263
0.776341 0.101493 280.477952 115.723200 0.000000 119.241217 1.192412 11.924122 0.350263
0.831756 0.008625 131.268567 29.301707 0.000000 119.241217 1.192412 119.241217 0.350263
0.831230 0.008253 127.111508 26.949402 0.000000 119.241217 1.192412 1192.412165 0.350263
0.831651 0.008476 127.629716 26.341533 0.000000 119.241217 1.192412 11924.121652 0.350263
0.831756 0.008625 128.299100 26.996413 0.000000 119.241217 1.192412 119241.216519 0.350263
0.777392 0.102311 264.187088 113.877084 0.000000 119.241217 11.924122 0.119241 0.350263
0.776341 0.101493 280.877856 116.165091 0.000000 119.241217 11.924122 1.192412 0.350263
0.812303 0.025950 258.416563 54.475204 0.000000 119.241217 11.924122 11.924122 0.350263
0.812303 0.025950 114.097222 6.851356 0.000000 119.241217 11.924122 119.241217 0.350263
0.811777 0.025057 110.599708 6.058278 0.000000 119.241217 11.924122 1192.412165 0.350263
0.811462 0.024909 111.294489 6.140377 0.000000 119.241217 11.924122 11924.121652 0.350263
0.812303 0.025950 111.073538 5.669944 0.000000 119.241217 11.924122 119241.216519 0.350263
0.830705 0.008105 110.854047 25.324838 0.000000 119.241217 119.241217 0.119241 0.350263
0.831756 0.008625 131.416818 29.355075 0.000000 119.241217 119.241217 1.192412 0.350263
0.812303 0.025950 114.806772 6.678850 0.000000 119.241217 119.241217 11.924122 0.350263
0.829863 0.001338 76.866890 0.029335 0.000000 119.241217 119.241217 119.241217 0.350263
0.830389 0.001561 76.053584 0.117491 0.000000 119.241217 119.241217 1192.412165 0.350263
0.830705 0.002231 76.468674 0.261832 0.000000 119.241217 119.241217 11924.121652 0.350263
0.829863 0.001338 77.228022 0.377440 0.000000 119.241217 119.241217 119241.216519 0.350263
0.831020 0.008402 107.223080 23.292249 0.000000 119.241217 1192.412165 0.119241 0.350263
0.831230 0.008253 128.474420 27.586674 0.000000 119.241217 1192.412165 1.192412 0.350263
0.811777 0.025057 110.637745 5.694597 0.000000 119.241217 1192.412165 11.924122 0.350263
0.830389 0.001561 75.953998 0.029372 0.000000 119.241217 1192.412165 119.241217 0.350263
0.830389 0.001561 75.338790 0.150175 0.000000 119.241217 1192.412165 1192.412165 0.350263
0.830494 0.002008 75.832162 0.219451 0.000000 119.241217 1192.412165 11924.121652 0.350263
0.830389 0.001561 75.696398 0.115402 0.000000 119.241217 1192.412165 119241.216519 0.350263
0.831335 0.008551 106.952953 22.451380 0.000000 119.241217 11924.121652 0.119241 0.350263
0.831651 0.008476 127.381813 26.650701 0.000000 119.241217 11924.121652 1.192412 0.350263
0.811462 0.024909 110.491510 5.510373 0.000000 119.241217 11924.121652 11.924122 0.350263
0.830705 0.002231 76.888794 0.348649 0.000000 119.241217 11924.121652 119.241217 0.350263
0.830494 0.002008 75.484799 0.057893 0.000000 119.241217 11924.121652 1192.412165 0.350263
0.830705 0.002231 76.243151 0.026984 0.000000 119.241217 11924.121652 11924.121652 0.350263
0.830705 0.002231 76.271222 0.015464 0.000000 119.241217 11924.121652 119241.216519 0.350263
0.830705 0.008105 107.486822 22.844913 0.000000 119.241217 119241.216519 0.119241 0.350263
0.831756 0.008625 128.366946 27.429025 0.000000 119.241217 119241.216519 1.192412 0.350263
0.812303 0.025950 111.618026 5.799834 0.000000 119.241217 119241.216519 11.924122 0.350263
0.829863 0.001338 76.911184 0.201158 0.000000 119.241217 119241.216519 119.241217 0.350263
0.830389 0.001561 78.564188 2.003844 0.000000 119.241217 119241.216519 1192.412165 0.350263
0.830705 0.002231 76.447721 0.186660 0.000000 119.241217 119241.216519 11924.121652 0.350263
0.829863 0.001338 76.412063 0.064619 0.000000 119.241217 119241.216519 119241.216519 0.350263
0.792114 0.009294 243.527618 119.872588 0.000000 1192.412165 0.119241 0.119241 0.350263
0.791903 0.006989 261.604375 122.654379 0.000000 1192.412165 0.119241 1.192412 0.350263
0.766667 0.096288 252.215516 108.580039 0.000000 1192.412165 0.119241 11.924122 0.350263
0.831020 0.008402 107.197491 23.120855 0.000000 1192.412165 0.119241 119.241217 0.350263
0.792114 0.009294 105.338312 21.892395 0.000000 1192.412165 0.119241 1192.412165 0.350263
0.793901 0.009963 104.061787 20.946487 0.000000 1192.412165 0.119241 11924.121652 0.350263
0.792114 0.009294 104.305637 21.095809 0.000000 1192.412165 0.119241 119241.216519 0.350263
0.791903 0.006989 263.896610 124.341583 0.000000 1192.412165 1.192412 0.119241 0.350263
0.791903 0.008402 281.339375 126.645961 0.000000 1192.412165 1.192412 1.192412 0.350263
0.766246 0.095991 273.501873 113.138040 0.000000 1192.412165 1.192412 11.924122 0.350263
0.831230 0.008253 127.443459 27.226289 0.000000 1192.412165 1.192412 119.241217 0.350263
0.791903 0.008402 124.103353 24.962424 0.000000 1192.412165 1.192412 1192.412165 0.350263
0.794006 0.009369 125.561268 25.760407 0.000000 1192.412165 1.192412 11924.121652 0.350263
0.791903 0.008402 124.629695 24.971241 0.000000 1192.412165 1.192412 119241.216519 0.350263
0.766667 0.096288 253.360089 96.084892 0.000000 1192.412165 11.924122 0.119241 0.350263
0.766246 0.095991 271.462087 111.826801 0.000000 1192.412165 11.924122 1.192412 0.350263
0.792008 0.018886 272.405275 17.284540 0.000000 1192.412165 11.924122 11.924122 0.350263
0.811777 0.025057 110.396419 6.049796 0.000000 1192.412165 11.924122 119.241217 0.350263
0.792008 0.018886 107.493040 5.586903 0.000000 1192.412165 11.924122 1192.412165 0.350263
0.794742 0.020076 107.699535 5.499302 0.000000 1192.412165 11.924122 11924.121652 0.350263
0.792008 0.018886 107.567657 5.512995 0.000000 1192.412165 11.924122 119241.216519 0.350263
0.831020 0.008402 106.936232 22.858191 0.000000 1192.412165 119.241217 0.119241 0.350263
0.831230 0.008253 129.054071 28.176802 0.000000 1192.412165 119.241217 1.192412 0.350263
0.811777 0.025057 110.862753 5.969464 0.000000 1192.412165 119.241217 11.924122 0.350263
0.830389 0.001561 76.057587 0.098498 0.000000 1192.412165 119.241217 119.241217 0.350263
0.830389 0.001561 75.230747 0.353115 0.000000 1192.412165 119.241217 1192.412165 0.350263
0.830494 0.002008 75.613628 0.038195 0.000000 1192.412165 119.241217 11924.121652 0.350263
0.830389 0.001561 75.535632 0.066051 0.000000 1192.412165 119.241217 119241.216519 0.350263
0.792114 0.009294 103.431332 20.847942 0.000000 1192.412165 1192.412165 0.119241 0.350263
0.791903 0.008402 124.169528 25.145943 0.000000 1192.412165 1192.412165 1.192412 0.350263
0.792008 0.018886 107.925245 5.939261 0.000000 1192.412165 1192.412165 11.924122 0.350263
0.830389 0.001561 75.290459 0.062739 0.000000 1192.412165 1192.412165 119.241217 0.350263
0.791062 0.011376 74.478510 0.037610 0.000000 1192.412165 1192.412165 1192.412165 0.350263
0.793375 0.010112 74.929638 0.162827 0.000000 1192.412165 1192.412165 11924.121652 0.350263
0.791062 0.011376 75.169327 0.055201 0.000000 1192.412165 1192.412165 119241.216519 0.350263
0.793901 0.009963 103.567066 20.677725 0.000000 1192.412165 11924.121652 0.119241 0.350263
0.794006 0.009369 124.255444 24.969286 0.000000 1192.412165 11924.121652 1.192412 0.350263
0.794742 0.020076 107.563831 5.502305 0.000000 1192.412165 11924.121652 11.924122 0.350263
0.830494 0.002008 76.182112 0.391073 0.000000 1192.412165 11924.121652 119.241217 0.350263
0.793375 0.010112 75.178995 0.151035 0.000000 1192.412165 11924.121652 1192.412165 0.350263
0.793375 0.010112 75.491616 0.128209 0.000000 1192.412165 11924.121652 11924.121652 0.350263
0.793375 0.010112 75.447651 0.128331 0.000000 1192.412165 11924.121652 119241.216519 0.350263
0.792114 0.009294 103.946108 20.914254 0.000000 1192.412165 119241.216519 0.119241 0.350263
0.791903 0.008402 124.328377 25.214544 0.000000 1192.412165 119241.216519 1.192412 0.350263
0.792008 0.018886 107.967561 4.395687 0.000000 1192.412165 119241.216519 11.924122 0.350263
0.830389 0.001561 75.711981 0.048657 0.000000 1192.412165 119241.216519 119.241217 0.350263
0.791062 0.011376 74.989526 0.032437 0.000000 1192.412165 119241.216519 1192.412165 0.350263
0.793375 0.010112 75.563881 0.232997 0.000000 1192.412165 119241.216519 11924.121652 0.350263
0.791062 0.011376 75.912171 0.228837 0.000000 1192.412165 119241.216519 119241.216519 0.350263
0.670768 0.014202 242.856705 117.979159 0.000000 11924.121652 0.119241 0.119241 0.350263
0.670557 0.014425 261.870776 123.001832 0.000000 11924.121652 0.119241 1.192412 0.350263
0.711882 0.070859 254.209295 109.974505 0.000000 11924.121652 0.119241 11.924122 0.350263
0.831335 0.008551 107.174823 22.954661 0.000000 11924.121652 0.119241 119.241217 0.350263
0.793901 0.009963 103.822362 20.910989 0.000000 11924.121652 0.119241 1192.412165 0.350263
0.670768 0.014202 106.604547 22.170238 0.000000 11924.121652 0.119241 11924.121652 0.350263
0.670768 0.014202 104.402804 20.862651 0.000000 11924.121652 0.119241 119241.216519 0.350263
0.670557 0.014425 262.917542 123.234125 0.000000 11924.121652 1.192412 0.119241 0.350263
0.670873 0.014499 282.154170 127.176820 0.000000 11924.121652 1.192412 1.192412 0.350263
0.711882 0.070785 271.508003 111.773240 0.000000 11924.121652 1.192412 11.924122 0.350263
0.831651 0.008476 127.795866 27.083311 0.000000 11924.121652 1.192412 119.241217 0.350263
0.794006 0.009369 126.525544 26.463461 0.000000 11924.121652 1.192412 1192.412165 0.350263
0.670873 0.014499 124.848441 24.128476 0.000000 11924.121652 1.192412 11924.121652 0.350263
0.670873 0.014499 126.647827 25.307288 0.000000 11924.121652 1.192412 119241.216519 0.350263
0.711882 0.070859 254.264041 109.317203 0.000000 11924.121652 11.924122 0.119241 0.350263
0.711882 0.070785 271.988516 111.795126 0.000000 11924.121652 11.924122 1.192412 0.350263
